315
418
212
90
270
479
364
274
107
30
14
383
279
88
141
213
360
47
317
6
406
215
137
438
10
136
441
488
340
331
231
314
223
310
318
250
401
375
220
52
92
415
199
217
143
367
487
266
380
374
425
330
307
32
264
50
361
422
382
77
469
7
138
465
327
440
273
171
46
4
19
204
354
170
261
45
420
237
490
116
128
346
80
87
168
459
132
386
196
350
96
329
276
416
300
85
333
442
472
37
123
200
494
15
485
297
471
165
108
253
169
417
110
301
68
151
25
5
341
410
292
447
12
448
498
16
363
117
113
93
186
283
281
252
323
172
476
63
240
289
436
173
285
381
269
294
496
43
174
272
166
481
154
71
263
59
499
219
332
257
426
399
444
387
379
342
148
75
268
241
452
461
412
214
57
395
446
233
232
238
316
248
271
102
493
392
249
190
355
133
131
179
31
288
83
127
150
345
225
11
370
203
145
258
97
291
404
26
302
206
177
319
147
385
421
435
474
227
372
79
466
78
61
134
142
84
344
280
210
211
118
483
434
38
156
482
462
41
158
477
183
104
58
124
478
336
393
251
144
328
180
456
54
449
321
358
121
286
60
277
188
282
394
312
243
111
224
236
491
66
467
377
152
33
299
267
260
28
254
53
388
484
275
81
1
369
320
218
259
175
3
362
72
351
376
91
157
256
130
454
62
24
247
29
357
287
86
349
114
8
160
497
470
278
21
429
149
159
460
432
427
89
230
65
246
284
371
119
451
373
255
189
202
445
17
100
244
408
343
164
69
335
334
450
216
431
153
198
99
178
338
325
98
207
419
209
187
34
475
9
73
391
324
36
35
359
439
27
191
129
125
443
463
265
235
402
298
500
135
201
70
239
44
455
120
403
40
337
242
234
424
115
407
122
293
64
140
492
228
193
348
195
146
245
309
453
167
353
139
20
468
473
347
384
194
39
51
313
162
76
105
94
304
311
326
389
306
437
103
221
396
290
400
308
2
48
18
368
296
49
101
23
95
56
303
126
356
305
22
352
378
106
430
495
197
397
226
161
458
185
413
205
109
322
486
112
366
42
262
339
390
295
67
428
82
184
74
411
208
405
489
176
398
457
423
409
433
163
181
365
222
192
464
13
182
414
229
155
480
55
