121
4876
2540
2710
3290
1072
2040
2335
2339
2608
1402
818
4879
4112
793
4648
525
2659
4654
4059
2527
2156
3463
2363
3556
2880
4358
3101
2673
3227
3976
3612
1788
2237
4219
3608
1237
3481
298
3898
4991
2284
3781
3470
2273
3913
4894
36
2327
890
3775
4414
469
4975
2830
4203
1289
4868
3871
3675
4491
4450
199
621
4254
1455
2109
2132
4501
4058
4565
1370
3554
2059
332
399
2526
999
1273
4524
364
4391
4423
1655
4535
3434
2300
862
3370
1626
4997
871
2505
4957
4071
3994
2968
1864
2356
3088
290
3069
4859
3374
2390
3805
2312
2354
1892
702
4956
2060
814
53
208
2965
3490
2564
2064
1831
58
1025
11
2685
2458
535
4110
2761
4863
1890
324
302
2856
977
3799
3942
2677
3968
4809
1028
3146
559
4922
3659
2494
4452
3130
3366
3318
3960
2720
1313
3355
1435
3877
2771
3424
1931
2283
2757
4056
910
4694
4012
4154
4367
635
2984
513
3694
1287
3063
3702
2967
1201
2195
3416
3261
3213
3
4409
3174
3864
2393
2779
2612
4233
4566
983
1524
970
813
1841
4065
1970
4984
2956
2039
606
2738
930
2429
4448
3829
2342
3621
830
4469
2961
873
1489
2983
2667
4547
958
1811
2053
411
4434
3845
4744
2916
2166
2842
325
4658
1357
493
1283
2238
4743
1032
2405
838
38
2497
3010
1823
308
3016
1797
1249
1227
3076
2782
2349
4699
2699
1955
1434
3575
451
3564
1891
4027
3615
701
4080
2387
51
3084
3934
2718
3176
3774
1569
2773
3550
495
221
4379
3691
170
576
502
1190
3617
4979
2528
4222
3720
465
1631
1337
130
529
1876
189
904
3830
2581
735
4811
2208
2800
1137
4182
4228
1592
3485
1111
1693
3460
3570
3653
277
2126
1403
4579
3810
228
1098
2004
4680
1733
1650
3389
1943
2251
3906
2232
568
393
3027
627
1609
3014
3206
4572
1765
1560
2495
3965
490
1767
740
2743
209
789
2893
2392
3951
76
980
61
476
3109
4848
1458
1444
1015
443
429
4563
3217
2477
2330
1256
4461
1486
1704
1989
1640
3576
2465
1309
3142
1953
1850
3480
959
164
3686
1661
4544
4689
1676
2431
4431
3418
275
2370
4688
4846
1030
1069
2997
1808
4438
2520
4570
4553
3602
1790
4260
2847
445
4962
3175
460
4924
1772
2990
4736
3441
4404
2617
2107
4262
2070
483
3338
1712
127
1855
773
2233
1101
4169
1162
726
4659
3922
1467
3783
49
1203
4268
3173
3631
1638
2006
4725
2147
1477
4082
4211
2611
935
1833
775
2541
708
2470
864
3772
4571
2464
3196
2167
1056
2396
2395
3796
541
328
3156
540
1728
1672
4765
4384
3599
1617
3469
2545
3593
191
4998
664
2976
625
4091
1432
4767
943
423
3073
1932
4696
3935
590
771
562
2809
4692
777
3932
4029
3402
2947
304
879
4259
4520
3982
4287
840
1331
3199
2264
1581
1038
655
3428
2854
690
4378
4855
2878
1108
831
841
4161
928
2715
3477
1259
2439
68
2286
2806
891
1035
3724
349
3066
3486
4290
4028
4002
3079
2862
1298
387
2182
3912
188
242
4891
381
2848
1223
1685
3586
3609
698
2708
205
176
1832
3709
3938
1394
4188
985
2413
3154
1905
3055
2662
3656
3860
4640
4023
3768
2798
3300
2096
1872
458
4660
656
4875
1293
3336
2025
20
2164
432
3543
3371
1684
3766
1800
3808
4394
3836
94
1976
707
1088
2215
3713
2151
1964
3731
4330
4797
597
2245
2226
1171
1178
4312
4906
2210
3231
435
2767
2328
1233
3390
3256
2568
2469
3947
990
4474
4645
1173
1423
657
719
2313
265
1562
2038
1392
3395
4269
2742
1722
1138
4653
2090
4930
3332
2292
1726
4874
4709
4815
1376
4796
628
1062
511
1291
1270
4104
2850
822
3707
1977
31
1709
4569
2455
1099
2068
3139
3977
2280
1130
1306
4518
4323
1945
4324
2855
2296
2551
178
4741
370
3450
758
4455
2875
663
949
4850
1505
1546
887
2547
591
4778
448
2756
1226
4928
2949
3246
1933
2785
3350
2205
2065
4427
1054
3777
1688
4341
3540
238
4148
2548
1861
4486
1093
4810
4577
96
826
861
2770
2996
1064
3806
4371
2849
860
1299
250
4049
776
2425
3568
510
3105
4101
3197
2618
2374
353
783
3379
4914
1789
3458
2168
4467
155
2894
2075
3369
2213
3734
4594
3892
3778
556
450
727
1707
4166
3640
1267
751
466
993
251
4836
3553
3920
3314
1492
3637
2315
1820
4605
3106
4298
1118
1121
404
2383
888
790
1354
2157
1909
1630
27
1350
2104
2052
3202
1094
3996
3459
2636
1711
4733
2633
3928
1192
4162
3873
4482
2301
3170
4495
2697
4786
3357
4123
852
1175
2758
1191
2827
3755
4139
2483
4622
4362
4923
3688
4417
3727
4905
3581
2754
3295
2790
1372
39
1980
2565
4813
4856
706
4451
3803
2810
4158
877
2332
675
1741
2572
2419
4129
3723
3789
2958
3728
1500
2898
3641
3276
579
3203
1673
4303
1181
1248
318
4853
2903
3031
2917
3050
2600
2639
2085
787
2116
3776
2468
78
1900
4382
1340
232
4617
1126
672
4385
1316
64
1385
4354
3645
2002
2660
4702
4197
3238
2902
948
2521
716
4754
3925
566
3874
1110
2588
2222
1418
4070
2035
1520
2236
4349
1675
3260
1388
2106
365
109
2137
4712
1266
3914
2802
1595
2454
316
1615
2751
2629
1109
1834
3993
1433
1042
620
2189
4479
3970
4820
1419
866
1986
407
2682
3886
3244
1651
2117
4690
1575
1304
2336
3587
3557
4016
368
1995
1738
3611
1081
4978
278
749
1210
4374
1466
4081
4355
3391
3585
388
496
1956
2442
358
2794
2400
3348
383
4634
4976
1697
4558
2054
4031
271
4980
3186
4628
1719
2080
22
2379
2277
3595
3180
3510
4278
2812
2926
2194
4830
1105
1318
4798
2201
40
2826
4525
2127
1302
2013
1439
3658
3181
3706
4013
295
1925
4849
42
1573
917
547
3020
4996
1677
3899
3677
3517
4270
3147
1784
2033
3933
2837
4775
297
3411
3538
3735
1022
4824
4075
3143
1817
1994
4707
196
3307
3399
3029
3065
3183
1542
1254
2908
1584
3309
933
3003
2563
2298
1509
1009
1383
880
3798
4619
2437
4063
847
699
2759
4444
2945
1244
4470
3763
479
2436
192
2512
2459
193
4236
1341
3200
2665
1342
4509
1951
2426
257
2022
4192
2452
1663
2014
217
3692
2641
282
4632
3187
561
2214
2097
337
1135
1903
728
4134
2736
1457
3738
978
2828
2571
1149
4661
3067
285
362
438
3089
812
4326
2324
1511
2537
4186
4397
644
2805
2815
3944
4785
3945
2721
3616
1749
2811
2183
1887
4415
3253
1878
2490
2604
3721
233
4184
4095
89
1859
3267
2644
646
2962
4463
415
3567
4283
4682
3785
4126
245
1996
2228
1501
183
1734
2472
382
1452
2553
4068
4043
4164
1236
3849
4026
3997
4198
3884
3081
2361
486
41
2293
1786
181
676
1463
2243
3633
2337
3846
582
3954
182
321
3824
2755
1333
4252
2428
4808
1527
2535
1048
3696
2558
1258
3465
4679
4004
1415
986
2649
3432
1352
2960
2879
4542
2119
3715
3273
2299
3000
3518
463
4304
2609
4948
4779
2643
1618
4668
1792
2131
1812
4789
2929
3308
1551
499
3577
3207
4555
4886
3840
839
1758
2279
962
3560
35
3164
2271
2288
4092
1576
3218
4320
4992
1449
899
4865
3812
3635
1601
3590
372
4408
4771
4700
971
3400
4935
1074
4967
4306
4548
3762
2158
2727
4307
819
4413
2683
2424
158
1760
3221
3792
391
908
1538
3344
1198
1751
4737
4132
1411
1296
179
1095
2252
901
3742
778
2382
1763
3289
2325
4597
4735
3033
1194
640
1400
1780
2248
2973
4138
1202
4121
881
3652
1695
3377
4800
2005
3425
1332
4884
674
2661
3011
4460
1430
2019
2735
3472
503
3233
1774
670
2656
361
4042
1183
2817
2508
4671
107
3475
3936
1305
211
1221
2797
431
694
2100
3483
2404
2302
2950
4766
3001
67
3234
1897
4159
2174
4902
725
3524
4242
3843
204
950
1512
2966
262
1554
3678
1828
2448
1363
92
1448
1187
427
3184
3245
3574
4007
157
2018
3788
3062
3948
2666
1950
32
3756
1791
3461
4581
2475
4757
1241
2422
4687
713
3614
3381
1012
2061
2980
4277
110
4937
3784
104
4285
3708
4877
1182
1378
3596
2534
530
941
478
268
4436
160
637
3897
3959
3975
87
4454
2450
815
2768
1179
802
2631
2904
938
4239
2637
4748
1699
3541
2703
3107
2323
4942
3223
2487
746
4180
3437
2410
3362
4214
2836
1272
973
4477
1217
3373
4667
3730
3053
588
2603
2
2480
3967
4020
4887
210
2150
4293
4061
468
803
3219
543
4225
3741
2417
3094
957
400
3578
2863
1965
1409
17
3356
4174
1658
4131
4255
1571
4784
397
1468
3103
4545
4473
3274
731
1390
1041
4819
3495
2576
1768
3127
4421
2155
1779
3732
2923
654
752
3818
1493
1413
3991
1279
4502
2587
2032
3342
2305
1603
246
3310
3415
4510
2748
1997
4381
3112
4829
4466
2287
4151
889
824
3039
4719
3426
3099
583
1845
4388
2895
514
1349
1830
1055
982
3793
1481
3525
875
1518
3915
1246
4557
4738
4812
3361
4505
169
1982
3364
2724
1624
1579
4116
2690
214
464
1238
3940
1545
299
4920
4279
4587
4376
1327
1941
2905
4347
4033
764
1607
195
3204
4938
4387
128
4141
3684
2366
781
1816
212
4746
26
3447
3501
4753
3387
2420
2421
1547
2346
3438
4970
3442
3420
2531
2278
2138
3414
865
1406
3086
3224
4704
4580
4429
457
3647
4464
4297
594
270
3013
167
1216
1824
3275
1702
4465
4556
774
122
1529
4626
374
2992
2900
1787
1703
401
3582
4516
4009
4274
2657
3060
1472
3006
258
1871
2907
4550
2409
70
947
4681
2453
737
1288
184
4008
1087
2843
3790
1245
2654
742
1656
1092
4281
3950
2375
312
3670
3923
3241
4155
1923
618
666
4739
2115
1570
4723
2372
19
1499
186
4086
4932
138
1968
3509
2360
347
4401
2590
1814
3301
1783
7
342
1669
1753
1133
2769
1426
662
3666
4801
684
3378
2163
3552
2745
2789
1844
4936
1988
1946
2103
44
1498
3875
3703
75
974
1010
992
1124
2297
3394
396
1060
3505
1019
3683
1598
1422
2499
4573
2864
1263
437
2479
1566
3222
1284
489
4322
3333
914
3257
3710
4731
3757
1222
979
3980
3605
2402
367
1358
2737
4234
2750
2314
1896
2792
3908
3284
4562
3113
4773
1536
4917
198
56
3588
3613
653
4804
1708
442
564
4120
2574
2753
1867
633
2584
4943
1039
3347
4575
610
3166
231
651
3491
750
4818
4530
1399
2795
3545
4790
953
3108
2865
968
4480
2593
2819
3121
2187
1959
1170
2686
639
4897
2165
218
3133
4475
2161
10
3296
2569
615
113
4292
229
426
1414
925
3406
4237
652
1839
4150
2969
474
3417
1180
2319
116
4487
1641
488
3057
3816
1647
4000
2664
551
3123
4122
1880
4163
710
806
185
1804
82
4199
2846
754
3252
2434
281
4939
578
626
1008
4185
2977
549
2466
4616
487
1068
1410
3838
2676
97
1044
1364
135
129
4342
4734
3023
2247
1447
4366
1154
3530
366
2203
3825
3657
2254
2948
1261
4066
4
1526
779
1003
2381
3921
2954
2026
2874
557
1513
143
4898
994
693
4871
542
2265
823
1380
1553
173
4045
2901
4872
4985
2030
2979
534
4407
1151
2073
3622
3488
617
3563
1557
1097
1591
4788
4835
2376
239
2982
3814
50
4077
3059
3542
3083
1862
4564
2230
2648
4612
570
4968
4181
2630
2920
729
682
4770
1907
1773
1535
4901
3551
4168
3900
4504
616
1620
2219
2642
3255
4210
2890
1885
4807
4822
1766
1431
4620
2289
2774
1531
3363
1710
3881
1297
1637
2925
2825
2851
1873
4578
3404
1522
2953
1534
809
4730
4538
4513
4823
4847
4103
4046
3502
3516
3664
256
685
4724
65
2674
2937
1580
521
4441
1071
244
2760
4036
954
1739
1136
4368
4574
3971
913
2234
1276
1614
3440
1004
2681
91
2380
2488
932
1454
253
2049
1646
3392
996
470
4177
406
1147
296
4966
1131
4758
3343
4439
2184
3263
1877
3626
4833
1078
1077
3297
1868
3800
2294
1355
3527
2102
526
4253
1969
3894
1523
1642
2403
2506
3667
3317
2627
4040
4069
1080
1875
2152
4531
4030
2062
4492
343
3235
1073
4896
4515
1654
2589
683
93
2369
1478
1251
4964
2909
1583
916
4698
1001
2897
2752
2225
2141
274
354
1632
2179
643
3182
230
2888
4218
1325
2154
2229
2071
816
1558
4519
1007
4325
4750
3259
444
2883
1150
1516
1898
1490
1128
86
4844
3124
1050
1937
4102
720
3529
279
2889
3205
4420
4909
4271
2503
2043
3042
3699
3298
585
145
3705
2216
2414
599
3746
4582
4340
1799
2959
2606
748
2267
4867
378
4940
1070
611
3324
377
2763
2024
1265
896
3987
456
3663
2009
1665
577
3122
3999
3546
3047
137
1347
1416
34
3651
4389
3455
2192
8
2244
3650
3270
766
4990
390
416
2824
3396
4484
475
4749
500
1866
1495
4446
1971
1541
376
440
1757
924
3492
1770
2820
842
2621
1508
4585
1627
4241
3220
2175
4959
3423
1016
4838
4064
2557
3828
2776
315
3118
3074
2169
410
384
1610
1264
3600
3312
2086
2577
1942
1393
4747
858
2340
1869
614
3092
1405
1600
3672
4961
1158
4701
678
3937
3129
1920
1086
2844
1660
1549
2669
4995
3866
3471
3209
3056
2220
2729
2734
4282
119
691
3168
286
2784
762
3279
1485
1161
1963
3225
2211
1556
1057
3493
3043
3758
1084
4623
272
2358
527
4318
3169
1464
3277
45
1317
2970
1747
4315
658
3957
319
4777
2190
4714
2515
2266
911
47
1300
29
3861
3035
2764
4602
4549
2886
102
1474
3807
952
3345
452
833
2257
379
668
168
2144
4025
2638
2047
351
3339
2160
4224
147
780
3349
964
3878
705
3512
4629
240
4787
1528
4795
4097
3340
2635
2543
2651
602
492
2282
1836
1574
2146
575
248
1443
4828
1386
4814
2478
3149
1026
1205
967
998
2427
2095
1387
2513
4100
3068
254
4364
3005
4377
3114
4592
2407
2130
4179
2597
4971
912
1234
2072
709
2821
2394
3815
3685
4888
969
2578
2680
517
1843
1335
936
4050
571
3165
485
1373
629
3422
2178
1681
3292
4343
1847
1404
4165
1243
2723
2793
756
1662
3302
1714
689
531
4952
1683
1371
2933
2364
2778
4870
146
768
2045
2605
1359
939
177
2509
4305
139
494
4099
1829
1014
3045
4435
3760
4175
4517
4176
3584
2180
2334
18
3198
2672
4927
3365
3992
2853
3167
1165
95
3287
4193
1856
733
4310
1123
202
3148
3375
226
4309
3051
2406
3744
1748
4078
2591
997
1113
453
788
3041
4481
2502
1361
1593
1826
2186
4261
1746
2658
1329
4529
711
62
1778
4854
4705
2987
4447
2730
4918
142
723
150
837
1303
4610
4527
2069
807
4124
1889
3132
2788
1922
2822
2732
4055
878
975
4405
4096
1213
2391
3208
1821
4352
1369
3826
3562
3662
4346
1168
3266
1689
2993
2008
4090
2722
2242
3282
3163
2653
2533
1803
4780
4173
1735
3753
3097
2906
4258
3427
798
4209
3903
1339
4057
1846
3141
4880
4503
291
336
2746
289
905
2530
1219
4440
3964
799
3036
430
834
4227
1051
3623
153
4321
3911
1382
692
4892
4038
1407
2275
3508
4718
1461
2416
1530
3445
926
3262
4317
1427
3288
449
2029
4128
1962
1314
125
2586
3514
4296
3643
1225
3305
581
1189
2702
894
4912
3280
3044
341
2549
3759
909
2971
3158
203
1540
3150
956
892
2250
1648
903
2482
74
1981
2028
15
4267
2204
3887
4359
4593
2510
2177
753
1928
2647
201
2675
1835
3528
3462
1140
1883
3017
2021
1047
4933
1550
3313
3711
3413
2831
2628
931
1006
3135
4676
222
1825
545
1634
4670
4727
3791
4609
3714
3533
921
1759
4294
1459
459
782
1496
4703
3636
3624
1252
334
2462
2473
3604
827
2496
1453
2481
4251
3761
3052
4761
1479
421
3852
60
3809
3695
2304
1742
3589
3592
4301
2227
3120
1720
1929
1678
471
4816
1117
144
1568
811
3258
4972
1152
3457
2200
3598
197
1365
413
3155
305
1930
4336
1776
3669
1633
4419
797
2329
2626
4313
4663
4729
446
132
1692
769
1696
3082
1442
1902
2055
4208
4106
3904
2869
2532
4650
2592
555
2326
3515
4916
4416
1502
2698
4929
1384
4526
2258
3192
3264
1723
4114
1145
4238
4215
1462
1104
1940
88
2077
3851
3419
2272
3467
4489
2808
1208
1085
3040
1100
1125
1805
849
4257
165
3385
2149
2813
3134
1815
2303
3009
2714
1356
1157
548
2640
1730
4860
3354
1732
3128
2741
2451
149
1918
2952
2320
3726
2899
2046
2555
1893
1938
942
220
4286
1456
1870
4084
498
2981
4945
1475
235
4230
3478
190
4508
553
4345
2772
484
3924
604
4187
1559
870
4745
1539
309
4453
3856
730
2832
4005
1280
25
4127
171
1408
1102
714
895
2066
1985
3717
4133
1973
2941
4499
4630
3075
4291
4662
3548
2834
1849
3479
603
2398
234
4288
989
1881
2613
4722
3144
3681
4806
2231
1282
4437
2003
3421
2020
2173
48
3159
3745
1544
3299
1939
2123
630
4781
54
3910
4958
2162
1594
3140
688
1021
2951
3444
4862
4302
4740
3558
1848
3750
3822
3547
3754
1948
2056
46
2700
3893
4607
1115
3661
180
4001
3981
4073
2595
4528
491
310
1127
2765
1954
2389
2031
4878
3870
1343
2964
4220
287
1096
718
1033
738
1484
241
4372
4471
2197
103
1166
4764
2622
4136
3015
2922
3926
4837
2645
3539
792
1715
4986
307
696
2705
3952
3668
428
4960
4223
4010
4908
2575
4953
3848
1103
2610
3359
3496
4904
2704
3171
2671
1257
4523
4032
2259
261
2501
2711
4003
528
4240
412
4432
3037
4521
3986
3673
1958
4125
3215
3985
4496
3249
1301
4759
3321
3048
520
3521
2955
1515
4344
3430
2446
3320
1935
1504
9
2870
533
1338
106
472
3504
1112
1949
4400
1793
3193
1218
3535
3682
4108
4130
1381
3443
3978
4445
3487
988
3341
2007
2522
2411
4598
2972
821
4861
759
4608
1745
4717
1324
3854
4792
3610
1819
3902
1525
4821
2471
2818
2124
1854
3537
1315
732
2486
2316
1910
1476
389
1000
1230
2034
4826
4606
3008
1247
4424
1657
1842
3654
2744
424
613
951
1840
3984
3030
4799
3901
3998
3594
3157
1066
4903
3499
3905
984
4433
300
1899
4883
600
13
3368
4247
2921
2357
1377
2108
1184
1148
3712
1916
1228
857
1139
359
1978
2712
1199
4183
2859
2181
4299
2094
3188
2493
3117
4153
3943
4160
976
1764
1904
1771
2246
4403
4843
4873
4589
4353
1231
2241
4316
3269
4052
2310
4595
3704
3115
4839
1040
33
4514
1801
3794
3865
3880
1552
3032
1429
2415
1471
4931
506
4834
2441
1561
2191
174
322
3272
3983
357
2684
554
2538
1960
3802
3436
624
1445
2012
3007
3847
2678
2516
4625
2142
83
686
4152
3526
4272
1718
1752
3201
2839
828
339
4983
2912
3674
4546
2717
3648
73
2634
3236
2619
2143
667
2896
2885
1625
4600
1727
2306
3329
115
2371
4638
673
2599
791
23
1144
2125
4088
3740
569
219
4072
2489
3770
3811
546
4974
1013
1204
820
1507
3619
1174
1979
2000
4831
1679
99
4363
4476
1167
2713
77
4683
2803
4613
2550
4201
2321
159
4113
1469
2725
2749
3572
3972
2866
2385
4721
2401
669
3034
2084
120
920
3752
4649
2171
1690
2668
3403
57
340
4497
156
3786
605
4684
3453
1961
4462
4383
1491
1921
2887
3408
2432
3571
552
101
1235
414
4229
4543
1769
4651
3919
2348
1612
2632
2570
1172
634
3797
1975
436
4559
346
394
3579
4604
893
885
5000
4256
223
3841
111
3863
2128
330
2946
3751
373
2938
3095
2868
1671
3380
2692
3323
6
454
4048
4425
375
4373
2701
4697
4842
2991
1813
846
2023
1944
2942
3889
2082
154
1250
2274
1164
2098
4646
134
3719
515
4840
966
1186
3489
2561
3532
1242
3693
4768
3787
1277
2514
1
2560
2041
2240
2083
4921
314
595
1721
3963
4893
3439
1176
4456
743
3451
4226
845
4074
3522
2269
2816
4047
2355
3765
117
3916
4329
4568
1806
2867
1796
2461
972
3247
4396
2139
3152
3498
4624
1908
940
4993
4157
1141
4732
848
4094
4144
2050
2691
4393
4751
2872
898
2037
3969
2350
28
4637
1990
355
3195
3230
2614
1319
4603
1623
333
1974
3872
1193
4079
2088
1674
4015
3869
537
632
1389
1613
704
1700
1604
4783
1412
1548
2433
3093
3927
1606
4881
4522
3367
3242
4590
2386
717
1120
744
1143
3237
2928
2544
3214
2444
1480
4490
118
4999
1046
294
1360
252
3382
1262
1269
1993
1497
4395
1645
1991
697
292
786
4710
2974
1375
2670
3285
3346
2111
3026
1984
1420
2914
3844
3476
907
4266
1116
2877
1517
1155
2944
1067
4805
1906
3482
4485
1886
1294
3229
1506
795
3917
3680
4178
2412
1915
592
2295
3161
3024
2807
3278
3858
4720
1605
2148
166
3335
403
2542
1031
859
1588
4567
1083
2185
1312
4666
1611
455
4076
66
1947
800
4686
4552
2523
2253
2209
3162
884
266
2309
1622
1362
1075
69
2223
2623
804
586
2377
2838
273
3907
1882
836
3494
4641
538
3078
2918
1543
2362
2930
4621
3566
3956
2985
3876
1428
2579
1295
3503
2601
512
3268
4539
3867
1286
3497
3352
2567
467
3239
805
3119
4051
4926
2975
4944
187
2693
4715
4895
660
4551
851
1334
1616
2218
927
2858
4276
703
1188
1659
2438
3116
3104
1532
2353
3190
1353
385
2099
303
3326
3464
335
3638
4232
4332
3931
4989
4019
3821
2726
2582
4982
3393
883
1857
2133
1196
4561
2113
2044
317
3697
2467
2388
2134
4006
3649
3801
882
3531
3433
2989
172
4977
854
2835
148
4468
772
1197
3080
3634
306
3384
326
398
3739
4319
131
2688
3360
2017
4742
1367
1912
4089
1321
2585
1328
863
2814
1629
4665
260
1163
2331
3690
4672
433
734
4196
1488
680
1664
638
4053
1002
2474
1200
4656
1224
4728
4328
3131
4273
636
659
63
2919
944
1649
619
649
3555
3701
1232
3311
3137
2529
2594
43
4024
4483
1142
4507
1065
3448
981
2430
598
16
141
4716
3519
4599
4105
2777
1563
4760
745
3850
3639
4119
3049
4380
1346
2524
3410
4817
906
1052
3293
161
2857
596
4583
481
3019
2221
3286
3397
3304
1599
2399
509
4216
2911
255
1326
1635
3628
2766
1207
3941
1716
2625
4635
267
2311
2873
3885
3842
264
3125
1368
331
2939
1323
419
4145
247
4554
1336
3795
4693
2418
1572
1351
84
963
2121
1865
206
937
4351
175
1587
1667
3644
1781
1020
3601
311
868
1129
4845
216
872
439
1440
2176
2397
2440
2091
1740
2607
765
3291
4576
608
108
3859
356
2978
2694
1482
4857
225
243
3454
4331
1106
4791
4913
2318
1809
2519
4035
4726
2963
236
3597
4308
90
473
960
4899
4643
3412
2934
2281
52
1926
2239
4946
3353
4782
2015
2081
3782
1024
4443
1756
2135
3322
2620
2136
2051
4200
2074
4802
4410
4140
3398
3306
2663
2583
1451
587
945
1255
1344
1211
402
1608
2998
1311
724
4636
2120
1119
1762
2927
3559
645
4017
1729
1398
163
2345
2027
4021
2114
3248
3136
3160
2504
2552
2655
4204
4949
4365
114
3837
1043
4506
3655
3085
3729
2285
1636
2871
2852
3771
2780
523
123
249
3743
4674
3857
760
2224
3331
100
991
4657
2484
2679
1782
4911
3716
3839
4300
462
4533
124
79
3172
642
1621
1901
544
1860
4295
1049
12
4678
392
2652
4755
4677
1717
4333
85
3544
1565
4135
3500
2650
2731
3228
2615
24
2500
1510
1858
4250
2562
874
4536
1972
3281
4147
4149
1694
3077
784
2892
829
1514
3868
2932
3376
3386
4950
1185
2145
522
3061
4488
4202
4189
1034
647
3671
2001
915
1122
3243
4426
4390
4231
4981
3226
3303
623
919
4430
3452
1852
3988
563
1487
2129
71
3429
4541
3629
2829
2910
4037
3506
2105
2804
3145
4402
3330
2602
2525
4311
1687
1754
4852
3966
1602
3283
524
3025
3216
1330
2016
3827
3958
4356
4067
4206
2884
4955
4774
961
4586
4339
3565
3888
3883
4803
1239
3896
712
4756
3955
2089
4428
4494
2338
1195
3038
4386
112
263
2786
1091
1936
3749
1643
1169
671
1253
1924
3466
81
573
2476
2787
4919
2696
80
1177
2365
3929
4060
3918
4560
1818
3979
4934
4611
2384
3722
3835
4213
30
4706
835
1345
284
2199
3511
3098
2507
1644
1473
2378
755
4763
3102
3126
4018
1914
4085
3665
1053
2775
3946
3962
2739
2256
2566
363
2268
4890
1220
4337
1076
3271
3949
215
825
1736
1521
2196
1737
4642
2198
2740
4172
2554
3265
2616
741
3191
801
1274
4335
3179
4794
4864
580
665
1807
3882
3022
1555
3890
1628
480
648
736
2986
2882
1917
4334
2931
2491
4014
2122
3832
224
4361
3627
1156
1503
1275
4769
461
1802
2101
1090
434
3642
4537
4137
497
650
902
1037
1421
1713
4142
4591
1777
293
4652
1011
4442
477
4915
622
2188
4109
1590
3646
2915
2308
855
441
4851
4022
4449
3618
4289
3046
3676
1209
1089
1668
4762
1837
3091
2344
3325
3573
1879
1079
2093
420
897
4093
3409
2435
2559
1795
4275
4422
2988
3748
3895
1268
2058
3561
612
1146
844
3995
4673
151
4167
501
2206
2689
2456
269
2067
641
1682
1698
4644
4885
3087
2511
987
929
3764
4941
1686
715
2876
4118
3431
2801
3718
739
2423
4827
4212
2449
3831
1755
1017
3294
4685
1911
4910
4631
601
3189
4107
2261
3100
539
4776
3773
2036
4217
21
4584
965
4711
105
207
4375
1391
508
2762
4111
1059
843
2212
4143
567
1061
2445
767
2845
3250
3315
4596
3446
3212
345
1132
3819
1725
2936
794
2333
2140
4399
1794
2359
2799
2781
3254
4500
3111
2719
4458
1680
4087
3456
4314
1582
2343
4925
955
1743
3507
2322
1396
2317
593
1348
1320
1884
934
301
1212
1153
1967
3973
722
796
3054
4054
1966
4669
1285
687
2042
519
133
3733
3580
856
259
1589
2249
3358
3185
1240
2935
3974
1027
3012
2999
3834
1666
1005
1578
1919
3725
2048
3909
3513
344
2624
1987
3939
329
2110
3620
1307
4900
2153
3405
4195
3240
1160
4369
2170
4947
3021
2580
5
386
3070
1775
4655
4691
3606
4360
3319
3990
1706
4713
3591
589
2823
4534
2881
1374
1652
2447
2536
1586
1366
2791
4772
288
946
4280
1460
2783
2687
3891
320
558
1278
832
280
3823
3700
1494
2695
3210
405
507
422
1023
2913
1036
3813
2747
4264
3698
900
3679
4973
817
3607
1983
1395
867
98
516
4357
2341
2270
1564
3071
2924
1260
518
3534
4841
327
3018
3211
1018
4156
4249
1731
4392
3058
3879
1888
313
4412
3401
609
3151
4512
4540
550
2263
425
1424
4708
2706
2728
3930
3351
3468
4062
2498
4882
3660
3388
4493
3820
1585
4190
4618
447
4263
2010
536
2112
2092
1483
695
1470
4752
3002
1838
1597
1425
3817
1229
1436
4418
3474
4987
2291
4205
4498
4614
2118
369
1724
700
2539
380
504
785
4221
2518
1822
850
136
1045
417
3523
2733
194
3407
4370
1596
2368
3536
213
4398
4675
227
1639
1292
4265
3435
3855
763
3072
1281
2957
1827
1214
360
4511
1750
2217
2087
1744
1670
2598
3372
352
1952
1691
2861
2351
681
1379
1519
3630
923
4034
409
3194
1063
4243
1957
2596
3737
3689
3251
2079
3138
3625
1537
2076
237
1533
1029
4695
1619
4954
584
2262
4907
572
408
4098
3583
4171
4245
4039
4825
3569
4615
4338
1058
3327
323
4115
3961
505
1441
1653
1992
4406
2463
918
4793
2891
2943
3484
162
55
3473
4146
371
3779
2492
2573
1322
2255
1894
395
14
3090
418
1927
1785
1450
808
2841
2202
200
1159
4348
3337
1913
1206
4248
3804
4951
3780
2172
140
4083
2011
2709
2485
4832
3316
2057
2716
1417
995
3028
2517
4170
4601
2207
3232
1134
876
1810
348
1567
1701
126
4858
2646
3328
2443
2860
4627
2290
1465
3520
4207
1114
631
4639
3769
1401
37
2078
276
4532
3767
2840
4664
3989
532
2457
2460
4889
72
661
3004
2373
2833
4633
4457
3853
4866
350
4459
3833
2546
1215
3334
2994
1437
1934
4246
747
1082
922
3383
1874
3549
1853
2940
1271
338
3177
3153
2193
677
1705
283
3064
3178
1308
4969
3449
574
4963
2276
4869
886
2235
1310
1577
4284
2995
853
3110
4235
2063
4411
4647
4994
482
4478
2707
4117
4194
4350
1998
4472
607
679
3603
2352
1851
3096
4244
770
2347
2307
1290
4191
1999
4011
1107
2367
2159
2408
761
1446
4041
152
3747
1863
3736
3687
3632
2796
1438
757
565
59
4588
721
3862
4327
1397
4988
869
1761
2260
2556
1798
4044
4965
810
3953
560
1895
