25
420
964
787
334
804
874
712
846
99
764
494
458
733
408
238
108
269
595
174
503
901
559
272
395
826
813
359
848
659
479
501
929
896
193
683
401
110
177
453
809
630
46
172
15
492
23
730
542
877
303
120
345
885
657
154
941
457
991
944
316
126
909
607
343
599
58
341
887
995
638
264
756
742
277
261
384
113
558
834
514
669
713
411
293
766
751
216
945
311
53
379
472
537
416
285
556
709
240
653
926
567
605
400
710
229
505
463
286
248
348
992
152
528
318
473
959
970
250
946
253
24
942
27
930
209
484
765
62
273
326
790
208
773
750
447
644
783
425
435
20
980
390
481
718
862
658
956
978
340
900
197
127
214
755
54
185
850
814
952
21
236
356
665
315
966
419
506
219
5
329
201
157
738
202
13
781
557
223
244
271
309
123
422
619
696
181
358
497
963
95
312
386
867
627
648
516
611
772
182
440
519
999
190
533
204
186
327
739
663
852
715
33
551
719
67
122
856
562
680
720
360
230
143
868
899
640
833
979
363
721
566
554
443
287
902
205
305
923
391
88
98
194
265
124
140
704
292
776
446
267
637
672
524
934
196
971
635
641
531
919
656
289
950
538
811
841
259
441
849
167
620
832
582
645
563
245
989
179
344
79
933
29
489
397
337
11
385
351
819
367
381
459
723
320
135
525
561
75
414
104
81
748
1
711
63
928
654
588
288
166
142
299
220
146
139
476
371
614
319
467
183
103
307
302
36
652
125
793
882
732
613
769
583
889
984
986
70
502
847
513
965
973
682
577
596
568
530
976
915
983
217
314
383
52
869
754
792
517
227
526
263
151
912
578
392
651
145
625
870
815
462
703
570
378
106
633
859
415
490
50
160
717
865
898
707
692
777
32
297
827
757
483
749
806
461
433
927
794
617
820
977
724
499
491
839
774
12
71
64
655
224
41
437
938
504
84
372
695
584
593
231
55
598
388
708
210
488
65
239
576
727
649
564
156
234
133
366
477
212
949
763
294
962
770
399
892
444
878
609
306
622
585
747
268
836
705
549
779
771
632
66
92
60
953
61
972
1000
565
370
550
569
744
448
9
762
35
939
687
232
22
165
674
594
94
883
173
486
270
38
518
604
761
616
18
427
647
121
857
56
136
643
894
782
924
842
199
572
68
426
215
129
706
276
335
48
661
893
592
603
626
301
107
623
512
812
275
532
660
789
932
2
222
521
797
409
993
897
16
176
284
784
132
72
43
508
164
675
575
873
760
975
829
920
260
39
994
213
520
310
482
691
906
80
350
228
159
844
474
128
3
817
679
671
629
131
77
180
858
389
398
881
406
44
74
323
357
768
189
884
667
251
904
203
211
82
845
31
331
187
861
26
464
404
198
670
355
255
716
831
816
28
891
169
258
170
837
321
548
304
346
741
349
600
823
662
387
955
694
821
149
987
628
449
800
544
162
969
734
322
895
226
333
586
876
45
957
855
515
347
960
91
681
375
523
376
996
470
753
591
697
243
237
436
579
968
369
266
571
308
30
478
57
475
540
86
714
824
445
843
851
612
144
997
803
828
840
423
936
51
522
908
430
795
325
825
105
282
767
281
242
913
233
864
141
434
175
507
493
729
147
365
148
534
722
838
728
418
974
452
668
249
496
421
702
608
922
178
552
150
988
990
431
918
85
545
330
313
407
7
737
799
111
954
699
689
822
535
961
998
860
642
796
254
686
116
981
543
413
280
338
410
339
291
853
191
138
871
574
914
247
274
4
615
905
810
618
34
468
207
171
130
246
937
412
137
785
830
487
890
775
283
342
456
295
560
527
100
97
690
89
14
553
688
678
465
676
480
498
117
786
47
631
581
547
798
546
511
118
296
580
601
736
634
364
354
429
758
76
241
455
402
432
947
221
666
324
907
377
109
780
218
298
725
6
380
621
417
650
597
509
698
880
439
454
114
866
808
801
875
257
485
536
424
403
500
940
112
405
59
700
948
17
42
40
917
161
879
396
587
664
590
235
382
807
317
155
910
539
192
352
438
759
428
134
802
805
788
471
685
290
740
746
393
693
684
450
368
115
19
925
206
37
279
195
701
863
510
731
73
200
943
931
158
541
69
916
573
529
985
888
589
935
460
469
886
639
451
362
951
791
872
610
854
903
743
911
466
300
96
163
225
778
353
624
374
90
93
8
262
745
78
278
153
102
602
332
726
442
373
184
555
646
818
361
921
752
336
394
636
735
958
677
10
967
256
168
101
982
87
328
49
188
83
495
252
673
835
606
119
