291
332
185
149
45
407
122
227
422
468
49
414
454
280
217
341
273
424
261
411
156
125
386
87
40
376
132
233
256
440
350
55
398
90
397
228
75
403
379
346
31
73
283
321
121
234
23
319
12
128
322
1
144
309
267
244
2
348
188
103
316
255
395
76
393
243
135
420
497
458
367
496
486
277
339
239
230
315
113
409
461
278
74
77
157
183
196
432
137
68
203
126
160
290
190
264
69
495
43
447
254
499
14
209
171
46
202
429
400
189
167
237
435
110
213
354
240
488
313
118
450
138
492
104
396
418
493
82
416
21
382
236
464
300
286
27
201
42
392
226
162
368
284
163
453
330
25
347
56
451
26
241
269
20
345
88
444
191
490
402
139
28
101
303
39
472
116
115
24
147
60
222
371
270
106
489
112
89
413
438
174
204
338
405
289
390
63
131
378
370
223
349
287
281
353
247
119
176
78
180
426
10
98
448
445
329
323
211
129
51
79
52
242
37
54
385
95
9
357
127
415
355
136
272
311
57
140
97
35
216
208
364
335
446
265
363
72
32
307
344
479
238
194
179
15
292
298
154
229
161
173
276
427
86
334
308
491
482
318
441
195
328
108
30
248
164
500
483
417
431
266
44
259
155
301
152
399
337
375
181
232
360
285
456
474
366
220
6
133
359
225
471
212
96
304
66
100
120
186
145
19
224
3
373
455
302
93
64
253
166
439
150
473
91
84
200
61
246
22
170
498
123
293
467
65
372
410
443
352
48
442
218
260
70
169
377
130
206
324
484
153
4
408
34
365
252
326
18
83
41
81
193
117
16
62
401
263
317
275
460
151
197
111
336
470
50
271
494
465
404
288
107
387
13
394
36
380
251
80
92
210
297
295
296
480
214
279
457
361
469
305
29
231
452
381
425
184
294
143
172
459
434
325
205
388
320
310
419
257
358
299
406
306
165
221
476
219
85
38
250
262
168
312
141
421
158
383
436
148
428
463
391
462
340
314
333
67
258
356
274
235
433
477
343
177
437
59
430
282
412
268
215
449
102
423
142
159
5
11
249
192
178
182
327
105
198
351
485
374
384
94
342
58
114
134
8
124
389
369
466
53
175
146
7
475
245
99
109
487
481
331
187
47
33
207
71
362
478
17
199
