323
115
163
67
385
142
354
63
191
24
226
311
350
429
458
498
219
68
137
493
481
484
440
391
469
409
20
305
495
296
396
55
347
421
216
424
394
84
102
131
227
175
160
232
89
452
37
290
363
6
379
298
186
66
245
41
222
454
176
329
109
30
322
166
136
301
154
110
254
240
387
126
181
62
162
476
180
237
209
485
470
348
422
107
198
393
210
127
252
258
333
335
390
203
28
479
53
229
249
295
76
118
497
156
172
274
292
46
93
224
473
116
407
304
367
259
260
461
382
434
42
364
105
269
250
50
462
56
397
201
414
29
285
435
384
48
308
372
451
90
359
22
317
144
149
374
286
340
86
158
257
213
357
437
99
496
443
195
475
366
433
332
150
281
54
200
121
358
207
439
336
275
303
376
256
386
312
416
214
380
287
100
7
302
77
392
320
81
411
161
19
165
345
293
168
192
486
378
134
189
307
13
221
419
123
182
279
69
197
300
141
140
188
208
1
32
177
235
466
436
255
398
472
179
78
446
490
108
297
477
155
139
61
273
373
418
406
401
157
310
423
283
104
492
272
399
328
145
261
480
18
152
83
467
412
169
453
494
448
117
3
450
415
238
202
463
356
430
58
27
190
309
87
8
325
445
146
360
428
447
153
262
444
206
408
383
263
91
265
45
70
38
465
315
289
97
474
460
242
9
57
291
324
225
234
299
402
280
95
132
471
342
334
431
217
25
355
4
459
282
253
266
277
327
75
205
241
36
124
288
330
185
122
420
426
72
294
395
361
73
51
148
276
284
128
178
215
381
15
441
39
94
82
251
125
193
353
270
173
35
341
187
23
482
12
33
44
243
64
432
34
171
365
11
230
65
321
313
2
478
456
239
271
71
119
212
199
204
129
220
5
375
133
318
113
21
111
413
47
346
85
306
98
278
403
438
96
267
319
52
410
268
338
326
248
80
159
487
491
427
228
112
151
368
223
343
103
404
211
183
337
247
377
389
457
40
135
442
488
60
59
362
400
16
120
170
101
174
468
246
167
264
344
114
352
106
92
388
370
371
194
14
351
184
489
43
143
483
147
464
17
231
417
74
369
218
499
79
138
196
233
244
500
449
349
49
405
316
314
331
236
339
10
425
455
88
130
31
164
26
