869
647
379
950
499
975
184
271
864
607
888
774
916
620
269
767
90
857
214
375
68
423
871
241
293
179
275
823
222
146
471
51
678
756
714
622
333
109
800
813
991
84
6
704
452
546
910
439
968
583
766
17
422
560
460
636
143
542
94
920
941
645
772
538
332
289
743
821
653
754
2
10
795
562
867
502
442
947
119
144
963
16
752
118
307
317
695
370
408
509
513
149
977
845
751
623
646
355
345
301
651
479
929
218
650
770
274
255
589
722
903
216
310
134
240
110
923
554
302
933
594
337
598
551
273
464
785
454
868
132
266
107
395
201
59
976
135
1
558
436
900
446
101
380
29
846
541
381
517
206
960
580
506
69
31
891
117
248
717
96
385
809
938
943
350
363
931
131
235
819
908
861
555
673
953
663
399
525
353
7
876
998
649
561
288
163
545
699
894
945
637
658
702
282
595
313
496
39
323
728
254
242
799
202
676
1000
666
853
105
736
735
531
430
631
498
8
812
40
715
818
161
932
416
590
815
612
832
236
397
563
780
680
67
747
115
655
992
111
577
839
665
843
540
971
528
244
912
93
980
417
371
227
263
38
103
188
602
585
338
466
349
911
348
495
193
83
896
922
199
108
621
250
806
693
902
550
918
948
557
618
30
926
229
86
706
956
207
106
387
643
625
122
126
742
123
268
944
359
20
71
830
150
410
320
769
995
508
373
939
406
152
260
166
41
221
189
739
712
172
153
642
396
277
128
734
285
424
793
121
919
716
291
771
15
757
907
391
401
787
887
52
837
372
215
671
854
357
125
994
526
697
566
480
57
351
889
208
95
847
211
192
863
890
914
721
711
687
829
834
440
164
258
151
284
683
413
19
579
883
669
592
989
237
738
45
690
850
267
596
524
740
309
245
619
394
61
234
112
283
844
92
294
760
893
97
574
951
644
997
749
927
187
280
457
605
870
731
657
954
178
713
635
48
433
858
451
537
414
686
825
168
570
816
689
996
231
552
98
627
638
138
817
970
393
582
286
600
331
12
308
792
744
46
614
5
776
377
165
966
654
759
632
803
276
198
43
449
732
3
341
675
507
672
520
983
383
556
429
220
243
66
292
386
356
530
472
814
14
781
851
659
328
962
450
835
733
667
287
493
35
247
182
955
252
535
958
915
21
281
223
74
688
420
668
497
56
691
300
290
154
628
155
364
660
104
897
874
886
314
881
775
946
901
335
895
564
705
400
862
251
745
238
892
534
463
935
988
573
257
848
412
982
203
55
91
750
181
190
856
788
601
411
700
877
559
640
89
753
456
698
569
974
674
205
838
344
318
26
593
768
88
180
437
34
465
342
270
487
613
483
224
904
859
366
79
324
326
808
403
185
183
405
114
62
392
957
477
256
448
70
964
488
100
361
791
979
807
306
458
701
961
145
476
694
875
633
987
140
468
232
905
177
4
842
475
36
575
521
312
42
158
670
764
518
407
470
805
822
22
171
160
9
265
63
860
726
603
249
321
174
591
543
159
765
176
445
615
786
572
467
906
516
909
898
849
427
404
510
175
794
811
141
703
648
210
76
514
737
390
58
426
873
60
504
360
567
54
346
382
707
130
880
228
833
296
720
261
796
505
925
113
304
828
491
419
315
441
810
297
253
696
453
544
64
455
77
239
18
710
213
885
33
981
685
718
82
578
523
709
608
80
490
421
588
378
548
681
917
325
120
225
782
278
536
611
65
840
624
617
195
529
142
434
311
230
402
73
447
262
784
855
272
148
217
305
984
634
24
802
606
212
492
629
473
773
169
157
630
664
53
50
921
11
515
432
626
777
790
352
949
804
533
367
303
316
398
376
365
553
298
425
934
459
85
147
362
486
102
532
798
330
482
32
27
233
494
461
47
469
279
762
973
882
730
724
746
878
972
913
340
501
428
937
930
435
661
197
725
127
597
409
990
156
820
327
783
778
133
384
78
539
431
568
49
28
748
369
610
23
865
219
87
368
474
609
444
438
81
204
170
789
679
584
831
329
246
484
779
639
418
99
801
652
124
641
936
969
443
374
758
723
489
827
662
692
503
879
727
684
797
682
565
295
299
129
826
940
319
978
729
656
116
481
841
13
72
576
136
511
209
339
522
226
587
616
347
761
986
866
965
924
942
741
25
872
259
389
571
719
985
952
836
512
824
75
415
44
354
462
500
993
478
884
137
928
173
967
196
999
200
186
547
358
852
899
708
581
264
549
959
519
191
139
322
334
755
604
343
388
167
527
586
194
485
677
162
763
336
599
37
